#ECEF Target Tracker saved scenario
#Mon Jun 29 21:54:27 EDT 2026
blackout.0.center=40.238056391963,-73.237167126796
blackout.0.height=14118.930735338965
blackout.0.name=BLK-001
blackout.0.width=59704.47103723131
blackout.count=1
name=2DifferentWithBlackout
target.0.altitude=1000.0,1000.0,1000.0,1000.0,1000.0,1000.0,1000.0,1000.0,1000.0,1000.0,1000.0,1000.0,1000.0,1000.0,1000.0,1000.0,1000.0,1000.0,1000.0,1000.0,1000.0,1000.0,1000.0,1000.0,1000.0,1000.0,1000.0,1000.0,1000.0,1000.0,1000.0,1000.0,1000.0,1000.0,1000.0,1000.0,1000.0,1000.0,1000.0,1000.0,1000.0,1000.0,1000.0,1000.0,1000.0,1000.0,1000.0,1000.0,1000.0,1000.0,1000.0,1000.0,1000.0,1000.0,1000.0,1000.0,1000.0,1000.0,1000.0,1000.0,1000.0,1000.0,1000.0,1000.0,1000.0,1000.0,1000.0,1000.0,1000.0,1000.0,1000.0,1000.0,1000.0,1000.0,1000.0,1000.0,1000.0,1000.0,1000.0,1000.0,1000.0,1000.0,1000.0,1000.0,1000.0,1000.0,1000.0,1000.0,1000.0,1000.0,1000.0,1000.0,1000.0,1000.0,1000.0,1000.0,1000.0,1000.0,1000.0,1000.0,1000.0
target.0.path.0=39.908821832792,-73.478984234050
target.0.path.1=40.217621143463,-73.478984234050
target.0.path.2=40.249409307797,-73.433572570716
target.0.path.3=40.217621143463,-73.410866739049
target.0.path.4=40.251679890963,-73.342749244048
target.0.path.5=40.206268227629,-73.326855161881
target.0.path.count=6
target.0.velocity=200.0,200.0,200.0,200.0,200.0,200.0,200.0,200.0,200.0,200.0,200.0,200.0,200.0,200.0,200.0,200.0,200.0,200.0,200.0,200.0,200.0,200.0,200.0,200.0,200.0,200.0,200.0,200.0,200.0,200.0,200.0,200.0,200.0,200.0,200.0,200.0,200.0,200.0,200.0,200.0,200.0,200.0,200.0,200.0,200.0,200.0,200.0,200.0,200.0,200.0,200.0,200.0,200.0,200.0,200.0,200.0,200.0,200.0,200.0,200.0,200.0,200.0,200.0,200.0,200.0,200.0,200.0,200.0,200.0,200.0,200.0,200.0,200.0,200.0,200.0,200.0,200.0,200.0,200.0,200.0,200.0,200.0,200.0,200.0,200.0,200.0,200.0,200.0,200.0,200.0,200.0,200.0,200.0,200.0,200.0,200.0,200.0,200.0,200.0,200.0,200.0
target.1.altitude=1000.0,1000.0,1000.0,1000.0,1000.0,1000.0,1000.0,1000.0,1000.0,1000.0,1000.0,1000.0,1000.0,1000.0,1000.0,1000.0,1000.0,1000.0,1000.0,1000.0,1000.0,1000.0,1000.0,1000.0,1000.0,1000.0,1000.0,1000.0,1000.0,1000.0,1000.0,1000.0,1000.0,1000.0,1000.0,1000.0,1000.0,1000.0,1000.0,1000.0,1000.0,1000.0,1000.0,1000.0,1000.0,1000.0,1000.0,1000.0,1000.0,1000.0,1000.0,1000.0,1000.0,1000.0,1000.0,1000.0,1000.0,1000.0,1000.0,1000.0,1000.0,1000.0,1000.0,1000.0,1000.0,1000.0,1000.0,1000.0,1000.0,1000.0,1000.0,1000.0,1000.0,1000.0,1000.0,1000.0,1000.0,1000.0,1000.0,1000.0,1000.0,1000.0,1000.0,1000.0,1000.0,1000.0,1000.0,1000.0,1000.0,1000.0,1000.0,1000.0,1000.0,1000.0,1000.0,1000.0,1000.0,1000.0,1000.0,1000.0,1000.0
target.1.path.0=40.231679246272,-73.150268538610
target.1.path.1=40.233630528681,-72.608166807560
target.1.path.count=2
target.1.velocity=0.0,0.0,0.0,0.0,0.0,0.0,0.0,0.0,0.0,0.0,0.0,0.0,11.842105263157894,19.736842105263158,27.63157894736842,47.368421052631575,63.1578947368421,75.0,94.73684210526315,106.57894736842105,122.36842105263158,130.26315789473685,142.10526315789474,157.89473684210526,173.6842105263158,189.4736842105263,200.0,200.0,200.0,200.0,200.0,200.0,200.0,200.0,200.0,200.0,200.0,200.0,200.0,200.0,200.0,200.0,200.0,200.0,200.0,200.0,200.0,200.0,200.0,200.0,200.0,200.0,200.0,200.0,200.0,200.0,200.0,200.0,200.0,200.0,200.0,200.0,200.0,200.0,200.0,200.0,200.0,200.0,200.0,200.0,200.0,200.0,200.0,200.0,200.0,200.0,200.0,200.0,200.0,200.0,200.0,200.0,200.0,200.0,200.0,200.0,200.0,200.0,200.0,200.0,200.0,200.0,200.0,200.0,200.0,200.0,200.0,200.0,200.0,200.0,200.0
target.count=2
